time flux error
16 1.1120778187212186 0.10373353240276066
33 0.9348343669836435 0.09543172119815059
50 0.7949050450310682 0.0883281854432136
67 0.9814851583454488 0.09768561211775292
85 1.0934353450067802 0.10289258042054496
93 1.0934391027920298 0.10289293402921762
111 0.9068635554827477 0.09405550159963671
128 0.9628406149146943 0.09679194077717054
22307 1.2158365509854263 0.09444677962909988
22324 1.096327757737431 0.08988914176136667
22341 1.1877241168691055 0.09339497640864498
22350 1.1033654532259347 0.09016424930134581
22367 0.997915492151445 0.08595511296121637
22384 1.2017969441142082 0.09392363923960424
22402 0.9416799960344279 0.08362405799539004
22419 1.0752593467293592 0.08906241919308151
22436 0.9768382027595588 0.08508941581612976
22445 1.0893275123970285 0.0896162731172199
22462 0.9557537644419868 0.08421417661883042
22480 0.8503007591733034 0.07969111869573776
22497 1.0541865260041523 0.08822757830079136
27871 0.879949895340039 0.09961966799127457
27888 0.9122901319975052 0.09461831986813866
27905 0.9686021522890452 0.09737113361104684
27923 1.0249146422386146 0.100048265484305
27940 1.0530728005781445 0.10136050851699217
27957 0.799683659250057 0.08885917505704845
27966 1.0436950680108954 0.10092579512397683
27983 0.9967737225863582 0.09872029284306635
28000 1.053087276941487 0.10136190189791423
28018 1.1563263905308077 0.10603383454083638
28035 1.1000199312655692 0.10351219188112405
28052 0.9123214849570985 0.0946215716454577
28061 1.0437165892593872 0.10092787623864592
28078 0.978023965927799 0.09782604660851735
28096 1.1000350530009326 0.10351361484077053
28113 0.9874159492524847 0.09827589403406112
33461 1.1271412663522435 0.0912000330005315
33470 0.9580162514241781 0.0844135307677804
33487 1.0143960061763189 0.08673512654558216
33504 1.1060115791806648 0.0903804840579874
33521 0.8805078980511732 0.08111419094680486
33582 1.0919362194844824 0.089830884980201
33599 1.0637510628142424 0.08871858670400272
33616 1.0214711679559578 0.0870233312170737
33634 1.0426164850362516 0.08787550162745005
33651 0.9650997063189735 0.08471037912182795
33668 1.0849076378975062 0.08955556824902708
33677 1.13424286736837 0.09147628760841381
33694 1.12719937207481 0.091204734490907
39025 0.9499252373322303 0.09718101183779602
39042 0.8746701217410534 0.09346783919188799
39060 1.0910416935966234 0.10378702940325277
39077 0.7523804045995022 0.08709694412149369
39086 1.0534196146788273 0.10206811255707374
39103 0.846459885818079 0.09203791838584713
39155 0.9123212590096652 0.09534496832352478
39172 1.2415888394082413 0.11040062570509011
39189 1.0628489456489276 0.10250283263192458
39198 0.9499611484086383 0.09718468567927782
39215 0.827664901376738 0.09107347487162841
39232 0.9217446420818203 0.0958096013539777
39250 0.7900397189459006 0.08910932469487456
39267 0.8276734346594627 0.09107441384549152
39284 0.7994529523658336 0.08960517282807363
39302 0.7147853458041502 0.08504457249732349
44598 0.44069585270047634 0.06629318446680649
44607 0.42303757915463147 0.06510670050228644
44624 0.39654925984867223 0.06328513849220982
44641 0.45836030576321196 0.06745971321676246
44658 0.5996416421940339 0.07614684663281981
44676 0.5025135333444403 0.07029026653716662
44693 0.5201753518543949 0.07139114281834102
44702 0.4142162261809674 0.06450648870723198
44719 0.317086478665109 0.057475534020526034
44736 0.3259177051939988 0.05815007392819658
44753 0.4318808310812537 0.06570476790930058
44771 0.334750142843823 0.058817089239620035
44788 0.5201860779978343 0.07139261492122988
44805 0.4230550256119501 0.06510938556226085
44814 0.2906021514536977 0.05540442977579595
44831 0.2111302802007001 0.048661089236895876
44848 0.23762205348140003 0.05100826575072816
44866 0.37007856378740733 0.061412496106374975
44883 0.4407231150325975 0.06629728549657844
44900 0.39565771786276377 0.06378629326408541
50223 0.8794680800144775 0.09696695529168711
50240 0.8289534548863943 0.0942987176223701
50257 0.9097847844305045 0.09853408368342144
50274 0.9198915266312949 0.0990510710435147
50292 1.0007236412500313 0.103091450019609
50309 1.0108307654242619 0.10358573525453159
50318 0.8592787753974235 0.09591042019967712
50335 0.9704227784285884 0.10159630732727765
50352 1.0108411871597904 0.10358680323066989
50369 0.7077306911628285 0.08756537904148386
50387 0.7683561091297529 0.09099600617731683
50404 1.0007477156530442 0.10309393009004265
50421 0.8087770196017684 0.09321342276647288
50430 0.8896113354545924 0.0974962513447515
50447 0.8997183072669218 0.09801874977899092
50464 0.9805534912405609 0.10210029276707981
50482 0.828996188606566 0.0943035788543098
50499 0.9514936916168982 0.10174793583896453
94848 1.0428391018580183 0.07742733444366515
94865 1.0957359229735908 0.07921364340198433
94883 1.0058209266694322 0.07615270639192598
94900 0.7307779610865984 0.06591248700008193
94917 0.9952491338256427 0.07578495776909873
94926 0.9582268294372275 0.07448190898731316
94943 1.0693076785086304 0.07832706059948331
94995 0.9159242823419863 0.07296492629693528
95012 0.8577430527638269 0.07082480053311284
95030 0.8947725725850065 0.07219444226317642
95038 0.8471699512779725 0.07042913828867217
95056 1.0904915535057478 0.07904011661567532
95073 0.9635459608817879 0.07467180145779585
95090 0.921232680086923 0.07315790770701246
95107 1.016448547622003 0.07652288798534124
95125 1.0217415883465806 0.07670575361472971
95142 1.1804339984490408 0.08199523079640217
95151 0.9424039310272952 0.07391987174176198
95168 1.0454843045825823 0.08284925952273059
100464 0.7475395021606844 0.06662576501719991
100481 0.625740906215348 0.061595459466536606
100499 0.7952061586928739 0.06849420311531057
100516 0.7316600099113205 0.06599204335616919
100533 0.6998879324107399 0.0647047878075174
100542 0.7952143573237028 0.06849490929531071
100559 0.9170203481887025 0.07305224177187579
100576 0.8958402479451401 0.07228058731221418
100594 0.8852516224280377 0.07189178109313313
100611 0.9117339324163531 0.0728607817203099
100628 0.7846362448639607 0.06808539760812216
100646 0.7740472118901163 0.06767245248488868
106046 0.8332692936705934 0.06999599925234866
106063 0.944615337711158 0.07409332910230357
106080 1.013545611640059 0.07652003414417403
106097 0.8597882999798458 0.07099367887686472
106115 0.9128124355316766 0.0729469697816251
106132 1.0400667428423311 0.07743383945917341
106149 0.896912279682715 0.07236708385418915
106158 0.9446348159112905 0.07409485692493689
106175 0.9128249837662077 0.072947972567794
106192 1.066592002310342 0.07833729001235402
106210 1.0029689893987939 0.07615386530973159
106227 0.8014873041096846 0.06878319373145772
106244 0.8704194549902761 0.07139076811484976
106262 0.8598178485925981 0.07099611873877613
106270 1.0082850940927641 0.07633927341724221
106288 0.8386145851975514 0.07020013943088019
106305 0.8757337739993273 0.07158837991534071
111636 0.57415753723885 0.05941741124511019
111653 0.7811879172695595 0.0680400378329381
111662 0.8395835110872867 0.07028124788494026
111679 0.6750241528705481 0.06376453729695822
111696 0.6219417023520996 0.06151540819606657
111713 0.595401384397452 0.06035950834156661
111731 0.595403430600321 0.06035971577776405
111748 0.6113310510809647 0.06105622345699623
111765 0.6219502520497614 0.061516253835038254
111774 0.7281237545760076 0.06593855737336948
111791 0.6484974804622514 0.0626514680406707
111808 0.5901050359486412 0.06012686215814702
111826 0.35121909267399076 0.048446858731832694
111843 0.3671462023609306 0.04931185655708524
111860 0.31406089041403 0.04636655593933526
111878 0.5370264128727782 0.05773662794532653
111886 0.5582630423091436 0.058704941076603935
117252 1.0212946527502307 0.07688772490774141
117269 0.9362608894884706 0.07389048822460326
117278 0.9309492382258713 0.07369934940459966
117295 0.9256375504433434 0.07350771194861398
117312 0.7874537801433508 0.06832988415972856
117329 0.8990694626945162 0.0725411354838079
117347 1.106354446458031 0.07977430761560694
117364 0.7715171024115289 0.0677076333509193
117381 0.9043936264279598 0.07273633395478739
117390 1.074475956770961 0.0787056383024071
117407 0.9203448877047449 0.07331708329364331
117424 1.0213332618837379 0.07689063157960936
122850 0.9433639132871879 0.07397389211478102
122868 1.001900623334993 0.07605027484899031
122885 1.0657590013631624 0.0782526127971873
122894 1.033835044740689 0.07715969377341345
122911 0.9167704547111368 0.07301168636908384
122928 1.0178782734574134 0.07660777511819146
122945 1.0178817715773336 0.07660803839445067
122963 1.033849256646775 0.07716075447098517
122980 1.0923876858028845 0.07915369874032013
122997 0.9699998916969841 0.07492703142282686
123006 1.0178957641772344 0.0766090915085356
123023 0.8422928234141407 0.07024613622301439
128527 1.0777080720647823 0.0787090564308449
128544 1.0617286301925737 0.07816651981011916
128561 0.8060007327367555 0.06890264904731101
128579 1.040424892415547 0.0774373807330653
128596 1.0777228870838576 0.07871013842716898
134031 0.9089614987995523 0.09311140433215953
134048 0.989975107460299 0.09694834851032216
134065 0.8909653545908682 0.09223778936294547
134082 0.9449757776636677 0.09483671181967973
134100 0.8819702207372744 0.0917981646036433
134117 0.8459680969021833 0.09001593992680776
134126 1.0169960776715201 0.09819560207624821
134143 0.8909806645014867 0.09223937433177003
134160 0.8729809634659589 0.0913570528310011
139638 1.0108559695723265 0.0765112798261823
139647 0.9627955084205776 0.07481532708794114
139664 1.0589271024990259 0.07817122738714774
139681 0.9200782780976826 0.0732751217387794
139698 1.0642749014003758 0.07835398123213101
139716 0.9040630701799416 0.07268943218777586
139733 1.0589416593401864 0.07817230199005262
145237 1.0601942965821909 0.07826477312470133
145254 0.9372199092428631 0.07394504088269897
145263 1.0388140228697444 0.07753129698970682
145280 0.9265325763027369 0.07355790660900191
145297 1.1618004618185669 0.08166238816785758
907207 0.941359837599138 0.060132389985278145
907224 0.9515652503702626 0.060420401617599935
907233 1.0331863218407413 0.06267543997482829
907250 1.0467929028248828 0.06304362567176351
907267 0.8495520334352822 0.05747820243137415
907285 0.8631580768261267 0.057879418602611414
907302 0.9889902955364859 0.061465188062241105
907319 1.087616944619712 0.06413573757518776
907328 0.9005759271064656 0.05896878186456107
907345 0.9924013447318538 0.061559833670344045
907362 1.053619814164341 0.06322832192953523
907380 1.0400200308626601 0.0628616383952247
907397 0.9584028990509292 0.06061379112146965
907414 1.0094192844056362 0.06202859024521773
907432 1.135255465287325 0.06538742208496634
907440 1.0774441787998392 0.06386642820390284
907457 1.1080559922998507 0.06467646067801903
907475 1.0536451610902886 0.06322984301292052
907492 1.0026348139130992 0.06184291697999963
907509 0.9652278943736193 0.06080577584243877
907527 1.1998970184020838 0.06704815370268506
907544 0.9414277780985222 0.06013672990338553
907552 1.009450506276716 0.06203050882224298
907570 1.138691595605034 0.06547782895502127
907587 0.8972245200581991 0.05887387442751906
907604 0.9856538358739065 0.06137503574686756
907622 1.009464382973842 0.06203136154219124
907639 0.9244419752688198 0.05965518089289628
907656 0.9992681970680138 0.061751454128385716
907665 1.0808970061573884 0.06395999399163452
907682 0.8768365323361259 0.058282693928275786
907699 1.213546618932701 0.06739484073097883
907717 0.9686721400329572 0.06090352678452621
907734 0.9346643371406645 0.0599465589726042
907751 1.0469044307700246 0.06305034249799196
907760 0.9550776007995099 0.060523098729004896
907777 0.9040637590506366 0.05907244893284082
907794 0.934677185768547 0.059947383044945964
907812 0.8972676896279299 0.058876707118524045
907829 0.9993059735110081 0.061753788587036104
907846 1.0571295633084843 0.06332624850228691
907864 0.9210853275379504 0.05956101385497389
907872 0.9585017156412486 0.06062004073545859
907889 1.0367331617650801 0.06277648140627796
907907 1.1455762017243023 0.06565898522846987
907924 1.084357716226401 0.0640538799434902
907941 0.9381073809329521 0.060045646079201036
907959 0.9721232734372345 0.06100155775214655
907976 1.0299484593162986 0.06259300464884925
907984 0.944919693232045 0.060238622307498324
908002 0.9177124853305338 0.059465664627438304
908019 0.849689267213252 0.05748748726686407
908036 0.9687387224923759 0.060907713037472895
908054 0.9925514206328778 0.06156914305666643
908071 0.8939156502024534 0.05878161717186829
908088 1.115007295853128 0.0648637374008508
908097 0.9313369169735203 0.05985472756010082
908114 0.9313401176786602 0.059854933261529235
908131 1.0333851814443111 0.0626875032521709
908149 1.1354310464013784 0.06539753504787717
908166 0.9959766473833629 0.061664503563975764
908183 1.0776145220942699 0.06387652544884401
908192 0.9619690711650027 0.060719558613369966
908209 0.9823811802897194 0.06128873632965364
1209875 0.9053178719705436 0.06903033690824345
1209892 1.0365885720222618 0.07260867689058223
1209909 1.0752004441134433 0.0736282202259908
1209927 1.0481782295831856 0.07291645634664382
1209944 0.8590000803793398 0.06772328703693466
1209961 0.9207769115975036 0.06946204730016504
1209970 0.9941367662949985 0.07147188968761514
1209987 0.9941401828230018 0.07147213531348962
1210004 0.9053427625584084 0.06903223481142126
1210022 1.0366170717346066 0.07261067317576321
1210039 1.0945346909898432 0.07413465615587898
1210056 1.075233700630502 0.07363049758569182
1210073 0.9555476291053313 0.07042280204319291
1210117 0.8320055298899846 0.06695102010497266
1210134 0.913089687289031 0.06924973158994388
1210151 0.9323978687763089 0.06978607154347012
1210168 0.9864556788711921 0.07126595751037719
1210186 1.1331790043908285 0.07513564027651594
1210194 1.1447661081795513 0.07543293271563449
1232728 0.9169654975002153 0.06902356619082688
1232745 1.1601031455805744 0.07541849020317971
1232762 0.7802080820594962 0.06515178045629359
1232771 0.9929549905754015 0.07108445651160095
1232788 1.0765368081926645 0.07328403601425848
1232805 0.9359763677637368 0.06954552508422725
1271167 0.98007947486932 0.06822134896405295
1271184 0.944875123989546 0.06720455641664451
1271201 1.027030141983018 0.06955473332896889
1271219 0.9253215801313782 0.06663329720801453
1271236 0.9761809266984324 0.06811003354041731
1271253 0.8705595103877564 0.06500616297072644
1271262 1.0622525844331099 0.07053885647982307
1271279 0.8940378087742002 0.06570908676582286
1271296 0.9840184958229079 0.06833529392218
1271314 0.8823077427796818 0.06535924239909488
1271331 0.9096954334768246 0.06617394881122278
1293458 0.44627192242581304 0.05081520499684589
1293475 0.6703261312196955 0.05884638710105696
1293493 1.0398201487431495 0.07010923204800677
1293501 0.8472156424204355 0.06448441505834016
1293519 0.906180409331488 0.06625733668247613
1293536 0.9887303721657693 0.06866251079481119
1293553 0.9415640267122835 0.06729901261578401
1293570 0.8000573291889815 0.06303124076248902
1293588 0.9690863260273402 0.0680983110573319
1293605 1.09880797795301 0.07174479612629613
1293614 0.886544774098759 0.06567311152163444
1299022 0.2264213867415947 0.04148564252499974
1299040 0.30906665931137683 0.0452362018796482
1299057 0.3602287877261443 0.04740960447141498
1299074 0.5688104240798992 0.05539449533640844
1299091 0.8246194684031711 0.06383805859079274
1299109 1.080430216709454 0.07128856628439713
1299117 1.0292722145251347 0.06986233683688974
1299135 0.8324990471574351 0.06408087907768156
1299152 0.8010174925065489 0.06310688569821163
1299376 0.05472059502214162 0.03242423952929127
1299394 0.054720783079209426 0.032424350960963556
1299411 0.046678321999224774 0.031921837124208936
1299428 0.07482784774697915 0.0336483105587899
1299437 0.054721347254290634 0.03242468525827816
1299454 0.03059334253259501 0.03089238072198639
1299472 0.09091413183864754 0.03459650405131516
1315792 0.7051446427590912 0.06017522426391735
1315810 0.7367442669306071 0.06120359861078146
1315827 0.8157400996340756 0.06370167513257723
1315844 0.8117932190116736 0.06357933087718275
1315853 0.7446512580798432 0.06145858633247241
1315870 0.7683520299704846 0.06221563351713593
1348884 0.3384736650111513 0.050568325626534086
1348901 0.39131070774772186 0.05264896660497065
1348918 0.4807269315030503 0.05599413252646664
1348936 0.6636233288600443 0.062279279563145815
1348944 0.4807302357161154 0.05599451739474037
1348961 0.5010536719664413 0.05672744220655534
1348979 0.5335703822307303 0.057880718294236834
1348996 0.5051214896832084 0.056873244929168724
1349013 0.48886567458922303 0.056289529185717634
1349031 0.5742199555052965 0.059291155976661486
1349048 0.5742219289144137 0.05929135974127581
1349056 0.7286726135462933 0.06436797870786509
1349074 0.5904837051385801 0.05984640922947079
1349091 0.5417121335282595 0.05816681727442382
1349108 0.5254560540868294 0.0575961959885658
1349126 0.48074840929393814 0.05599663421753186
1365619 0.903263646433055 0.06868466021132842
1365637 1.0987157853878928 0.07403797239395012
1365654 0.8915428736121503 0.06835061456307874
1365671 0.8954549264005148 0.06846253786359645
1365680 1.1339082988884657 0.07496171190138629
1365697 0.9384604191833703 0.06967976760068789
1365714 0.9703401805021514 0.07091347534025937
1382407 1.0281414496230261 0.07231063678146364
1382424 0.8633748710563577 0.06769383095073761
1382433 1.0673796671174058 0.07336762236862653
1382450 1.0556139607517205 0.0730525319222921
1382467 0.9143846079149284 0.06915657845628861
1382485 0.9575423836930179 0.07037021718256313
1382502 1.0517016420501486 0.07294786108070468
1382519 0.8947781228694932 0.0685986466897988
1382528 1.012476911126579 0.07188567777099855
1382545 1.0909445796507624 0.07399605503317169
1382562 0.9144034627499918 0.06915800448191181
1382580 0.9065601213805022 0.06893532596385227
1382597 0.9457956806458352 0.07004305856197743
1382614 1.0164176055674574 0.0719938846227879
1382632 1.0399607377408704 0.07263268981480046
1382640 1.0321177752670339 0.07242070794351238
1382657 1.067431023628445 0.07337115242004513
1382675 1.1027445146981967 0.074309452019005
1382692 0.9458151831849291 0.07004450286703803
1382709 1.0831353176139975 0.07379029091922475
1382727 0.922281559654185 0.06938259229751323
1382744 0.9850586470563014 0.07113552010451803
1382752 0.9693684713674828 0.07070166333997939
1387954 1.0411515623728373 0.07271585910473478
1387971 1.0175884659495709 0.07207681784511458
1387988 0.9468916965223326 0.07012422652012452
1388006 0.8919056470568496 0.06856714732377565
1388023 0.9743929788230379 0.07089054649367973
1388040 1.19435494320709 0.07674284945578988
1388049 1.0058224119474135 0.0717562688411633
1388066 1.049032292626288 0.07292946230483272
1388083 1.0765310497429383 0.07366641276029222
1388101 0.9233471534281879 0.06946275616678123
1388118 1.0804663865959363 0.07377156338041853
1388135 1.0411909221791036 0.07271860806293673
1388144 0.9744197685449746 0.07089249554100435
1388248 0.9587277901609685 0.07045733323300633
1388256 1.005867349815501 0.07175947474879207
1388273 0.9508783455994878 0.07023848598118171
1388291 1.0765791467128716 0.07366970400882655
1388308 0.9312444947361799 0.06968761960342758
1427689 0.9238543170342767 0.0687493060939765
1427706 1.0892047166976337 0.07355265853934488
1427724 0.9858660754200773 0.07058925929508987
1427741 1.0148054797360042 0.0714317196817386
1427758 1.0685473721454466 0.07297030827348536
1427767 0.9528062955964355 0.06961496688235647
1427784 0.9610771682375614 0.0698602382910377
1427801 1.1057623179011873 0.07401735251513615
1427819 0.9032108030051678 0.06812698850510207
1427836 0.9652208629074859 0.0699831569227892
1427853 1.052034093841155 0.07250194208888354
1460668 0.8980910902925715 0.06766436106162484
1460685 1.0203288166733162 0.07124984762675933
1460703 0.9510658060663859 0.06924123578775687
1460711 1.0284848730137806 0.07148296235790279
1460728 1.2403640353276322 0.07728611048273333
1460746 0.9225537642233127 0.06839762142033134
1460763 1.10591207336707 0.07365702961430122
1460780 0.9551567263477382 0.0693622077704068
1460798 1.0122041794436545 0.07101817257002443
1460815 1.1914900814510692 0.07598763008555671
1466232 1.1660713124408781 0.08009762394587473
1466249 0.9562800220429535 0.06944378000588386
1466267 0.9481245414879454 0.06920396869525722
1466284 1.0541920226321901 0.07226271190251564
1466301 0.8502252941024915 0.06625599723058828
1466319 0.8624664927016357 0.06663192050739553
1466327 0.9848525312730011 0.07027870792293164
1466344 0.984855915894078 0.07027894944822456
1466362 0.8828726665722479 0.06725410013586122
1466379 1.0460547970734813 0.07203353873542787
1466396 1.111330209875339 0.07385893100846909
1466414 0.9930283613054615 0.0705163154385394
1466431 1.0501451056594575 0.07214970835099875
1466474 0.9767238617846374 0.07004367594492801
1466491 0.8992152591313618 0.06774905866860963
1466509 1.0134468067378224 0.07110535766707268
1466526 1.2459877096848146 0.07748978594608194
1466535 0.9522595576198288 0.06932814547608414
1466552 1.0664925214904397 0.07261156448067552
1471831 0.9091823297798988 0.06751568736671361
1471848 0.9531764560644944 0.06880645021553818
1471865 0.9531797318250991 0.06880668668115535
1471883 0.9491838698263093 0.06869060591391234
1471900 1.0291716267142312 0.07098103914563296
1471917 0.901199453217334 0.0672795457306955
1471935 1.037177171252824 0.07120650424483965
1471943 0.9931888268739499 0.06996045205536823
1471960 1.0531814640927415 0.07165481302903466
1471978 0.9132097278331566 0.06763611784839722
1471995 0.9931990667198644 0.069961173352497
1472012 1.0331957458734498 0.0710953247188692
1472030 1.269160116936492 0.07744848189362602
1472047 0.9412177149799924 0.06845972545959657
1472056 1.1931808855947632 0.07546155277539233
1472073 0.9332254662553561 0.06822615411981639
1472142 0.9732326605166025 0.0693894134709138
1472151 1.1252149358120882 0.07363936089892768
1472168 0.9372442074239886 0.06834468554088126
1472185 1.1092247361920669 0.07320414554030902
1472202 0.9732460393348593 0.06939036735212786
1472220 1.0332419067201215 0.07109850109701103
1472237 1.0892386336561757 0.07265656836330954
1472254 0.9852546605697746 0.0697360109842508
1477801 1.1135232566218556 0.07469978182316059
1477818 1.034137256724141 0.07244564137903728
1477836 0.8753604424057525 0.06771229200165164
1477853 1.0926425635473997 0.07411392770979992
1477870 0.9338649153385312 0.0694942522119016
1477879 1.0049021159344382 0.07159816935804264
1477896 0.8670155202052676 0.06745488200256974
1477913 1.0216231044220825 0.07208472953479968
1477931 0.8628429730064119 0.06732580161124839
1477948 0.9965588883544437 0.07135487824033683
1477965 0.9882052427346546 0.07111001092043939
1477983 1.0174584860513474 0.07196450643815724
1477991 0.9046405302899708 0.06861117475186998
1478008 1.030001327175092 0.07232802718149467
1478026 0.9171825826526284 0.06899231901649976
1478043 1.0843304110520775 0.07388103408916578
1478060 0.9380820501815196 0.06962262886243255
1478078 0.8336190980743369 0.0664139801255487
1478095 1.092698890813162 0.07411774838734086
1478104 0.87541158545615 0.06771624810132741
1488670 0.9526119187104778 0.06893868719978494
1488679 0.9245194639494335 0.06811614006939637
1488696 0.9205089761482051 0.0679980193244237
1488713 0.9807175488332865 0.06975248402734738
1488731 0.9124878612830445 0.06776115543646948
1488748 1.0128341674648274 0.07067075865778258
1488765 1.0208650887537 0.07089859034038973
1488783 1.0048135478873357 0.070442910941022
1488791 0.9727069053220123 0.06952233682923632
1488808 1.0810823211204466 0.07258353691635504
1488826 0.9606722082768994 0.06917434666804502
1488843 0.960675509797991 0.06917458439800385
1488860 0.9365958801656341 0.06847255800312756
1488878 1.0168757743543766 0.07078659199871286
1488895 1.1734193975506966 0.0750939731282118
1488904 1.149340250753893 0.07444780922040226
1488921 1.0369557189848588 0.07135405256435008
1488938 1.057028699138989 0.07191656555442218
1488955 1.1292826150885587 0.07390556897413858
1488973 0.9767576337511401 0.0696407365462362
1488990 0.9727470206459061 0.0695252039940981
1488999 0.8964854083116496 0.0672879156028413
1489016 1.0249352218511174 0.07101602244848952
1489033 0.988812981825704 0.06998786782910499
1489050 1.0088862793385853 0.07056129275933634
1489068 0.7760776964239139 0.06359576970708396
1489085 0.8965008130761574 0.06728907184530154
1489102 0.9326301530716362 0.06835834035653575
1489111 1.0891809620655242 0.07280991688136526
1489128 0.9005240935847545 0.067409389435316
1489145 0.9567241329984577 0.06906254451453651
1489163 0.9607415426025928 0.06917933916875463
1489180 1.085181912430802 0.07270018278684297
1489197 1.109270311147088 0.07336232935020859
1489215 0.9326525893499865 0.06835998485274547
1489223 0.9968820019654916 0.07022060016812653
1489240 0.9647722421409212 0.0692968942814833
1489258 1.0410446502430777 0.07147202267965409
1494407 0.9554426538773673 0.0798513976234829
1494424 0.9214057722291021 0.0786331297253991
1494442 0.9554492209862455 0.079851946471517
1494459 0.9838194849963562 0.08085366211096921
1494476 0.870354610962554 0.07676983409465063
1494494 1.1767229041267935 0.08736012037577655
1494511 0.9951764694812759 0.08125161786237213
1494520 0.859016647542496 0.0763502002907912
1494537 1.034897696806864 0.0826270913378661
1494554 1.1143304138194128 0.08531075408062808
1494571 0.9611490450874423 0.0800554371423649
1494589 0.9384580493973423 0.07924746780790051
1494606 0.881725672095926 0.07719009095843632
1494649 1.1370478891991973 0.08606384289066589
1494666 1.2788929227119512 0.09061893712039687
1494684 0.949824784038648 0.0796542584180119
1494701 1.057628108265436 0.08340544413158592
1494718 1.0860001700705928 0.08436510527009895
1494727 0.9952243519666888 0.08125552724882405
1494744 1.0519652427868313 0.08321309951781176
1494761 1.0349474904619504 0.08263106690462942
1494779 1.131405342219506 0.08587898273924119
1494796 0.9725428335340481 0.08046038682614273
1494813 1.1768037871229833 0.08736612514398384
1494831 0.8307035176352967 0.07529376948420204
1505752 1.117981452510735 0.09004154000804282
1505769 0.8497699761716031 0.0802154832484115
1505786 1.0805636201912767 0.08873637914783618
1505803 0.9183895188009813 0.08284079310318233
1505821 0.9870066126609774 0.08538519996921504
1505838 1.0181982189215333 0.0865171936812513
1505847 1.011964121946748 0.0862923376214544
1505864 0.8435498242645112 0.0799742433821779
1505881 1.0306842217187906 0.08696663679594158
1505898 0.7998914313415292 0.07825344821742623
1505916 0.9371249420274256 0.08354433573851912
1505933 0.9496036828652342 0.0840090728250734
1505942 0.8934667420998088 0.08189860190234381
1505959 1.0057506070240834 0.08606866399512006
1505976 1.0057540634651185 0.08606895978540842
1511238 0.4163740235469605 0.06623328992457299
1511255 0.34668211003850025 0.06202575356431814
1511272 0.39314567184775073 0.06486148871318811
1511290 0.4396095814174465 0.06757837028631976
1511307 0.39314837408259606 0.06486193453006332
1511324 0.23052969548219163 0.05429365076119978
1511342 0.12986061105609323 0.04656446917945398
1511350 0.13760491407131448 0.047204153096465626
1511368 0.1530931678558174 0.04845805594685396
1511385 0.33120379332204164 0.061053001283853804
1511402 0.41638833320293306 0.06623556618471207
1511419 0.2847422623274832 0.058031936521498885
1511437 0.2847432408949661 0.05803213595858133
1511454 0.3389523769175303 0.061543004872594745
1511463 0.31572139852513814 0.06006377004595575
1511480 0.323466538989196 0.06056114323432581
1511497 0.246026631352303 0.055389220994195756
1511514 0.41639835025472466 0.06623715961335551
1511532 0.362190663938352 0.06298879002575998
1511549 0.49384303002332847 0.0706197251659952
1522012 0.8518265594321404 0.06743218779189764
1522029 0.7871491537254267 0.06546495167339236
1522038 0.7184288470338656 0.06330777647872622
1522055 0.6416228996030965 0.06080625189063886
1522072 0.5850293008122358 0.058895106722389
1522090 0.6577976437599616 0.06134183625531717
1522107 0.6092888494221347 0.05972216171404958
1522124 0.6173761090071931 0.059995386751189976
1522142 0.5203554539083569 0.05663254546564528
1522150 0.6133377418464492 0.0598594413123412
1522168 0.6416383351215859 0.06080771470629882
1522185 0.5810006795176315 0.05875761861607879
1522202 0.500149288713341 0.05590722138166627
1522219 0.4920656182505133 0.05561431633251629
1522237 0.5769639895949512 0.058618982102261706
1522280 0.564841715910401 0.05819987035522672
1522297 0.7022972956899634 0.06279283041385361
1522314 0.524417931972295 0.05677879674047845
1522332 0.6012325812665305 0.059450748404086276
1522349 0.6174058137916614 0.05999827340327536
1522358 0.6052795049878319 0.05958845979535555
1522375 0.4637827794800958 0.05457796334428715
1522392 0.6376263882564086 0.06067610572492588
1522409 0.6052857454616456 0.059589074156522384
1522427 0.6538022150568518 0.06121290275071865
1522444 0.5769897670397047 0.058621601065663054
1522461 0.5648630692477178 0.05820207054942004
1522470 0.629551510998332 0.06040716774565796
1522487 0.6052961463943125 0.05959009810587629
1522504 0.7831873968420077 0.0653467537515292
1522522 0.7225458511529572 0.06344325209557154
1522539 0.6295601653063825 0.060407998149888585
1522556 0.7306367903358689 0.0637008101060535
1522574 0.8074561081485688 0.06609380077666875
1522582 0.8559749398473802 0.06756161011247436
1522600 0.8155477143178593 0.06634110774906297
1522617 0.7791632244421612 0.06522313549498969
1522634 1.0540930771284072 0.07325045744068409
1522651 0.7670393989997072 0.06484656766328271
1522669 0.7549128124651246 0.0644675650122832
1527498 0.18758472783323724 0.04331124269355752
1527516 0.13241717761608998 0.040523204493815974
1527533 0.10408653462093437 0.039082949265078465
1527542 0.05956643727332974 0.03670557318729764
1527559 0.05147198079029432 0.03625667646573143
1527576 0.04742482030256718 0.03603019113342524
1527593 0.0514723345761554 0.03625692567120801
1527611 0.06361462131941352 0.03692854311235261
1527628 0.08385176398957872 0.038021483972499694
1527645 0.12432603222509783 0.04011804506248569
1527654 0.1728953996352963 0.04249761199698189
1527671 0.29027134062733473 0.0477611512214406
1527688 0.27813001970301793 0.04724402215888486
1527706 0.257893689505674 0.04636921087021814
1527723 0.3388439411533909 0.04977708847196194
1527740 0.31456021828770525 0.048779944534117436
1527758 0.29027632850734286 0.04776197192558187
1527766 0.4562251875203504 0.054340567242821575
1527784 0.48455939711538515 0.05538586674471078
1527801 0.33884976368108627 0.04977794381697781
1527818 0.44003967862360577 0.05373478577753488
1527835 0.3590899066547957 0.050594382432519396
1527853 0.5938506803790876 0.05924539684617335
1527870 0.37933032784839515 0.05139787671060113
1527879 0.4440933436733219 0.05388775027597881
1527896 0.5209996371123602 0.056702654723297725
1527913 0.5210014276203772 0.056702849592066604
1527930 0.4643361820555396 0.054643087766351864
1527948 0.48052840706368566 0.05523967413346468
1527965 0.7071999318096825 0.06299943689478787
1527974 0.5655331974042167 0.058271118869915914
1527991 0.577678252333278 0.05869155050415396
1528008 0.49267816588895375 0.055683547786349784
1528025 0.36315245696612636 0.05075812289005515
1528043 0.40767889625824333 0.052503630163556414
1528060 0.533160820771689 0.057136372775669284
1528077 0.4643505442186545 0.054644777905888536
1528086 0.43196982299097547 0.05343216011159851
1528103 0.48459270369566254 0.05538967373685239
1528120 0.6384113610440032 0.060750803216636534
1533754 0.20228429132933468 0.04544503077673822
1533771 0.1244897835418513 0.040170885023570135
1533788 0.16907037016469126 0.04236015811930247
1533806 0.1488071782130567 0.04137959837502952
1533814 0.10422721013719909 0.039135770834026216
1533832 0.092069215260744 0.038501217713315786
1533849 0.14475590462606172 0.0411810791943995
1589257 0.38886370836866646 0.06037291473953717
1589274 0.4904722690038721 0.06549935859933259
1589292 0.43967018232748534 0.06298862597022487
1589309 0.5285786653399438 0.06732159850606569
1589318 0.3761680308485396 0.05970201683286078
1589335 0.45872632999145857 0.06394245361592986
1589352 0.6873480966671697 0.07443475198609475
1589369 0.642896405091529 0.07251386497102844
1589387 0.6174961612639147 0.0713931064275786
1589404 0.6238489474228368 0.07167524672158865
1589421 0.7572146854424758 0.07735840147566496
1589430 0.6746586079100333 0.07389221833314426
1589447 0.5539977592449397 0.06851133501080968
1589464 0.750871798823768 0.07709807968298626
1589482 0.7000684829776118 0.07497666667508357
1589499 0.6746678822955597 0.07389323411343993
1589516 0.9858583755227692 0.08623535202775891
1589534 0.706426481588795 0.07524591938883235
1589542 0.6937273039851789 0.07470824561754724
1589560 0.8143957003742303 0.07967240211693048
1589577 0.7000829185615723 0.07497821271235448
1589594 0.7381906490192828 0.07657527919095018
1594873 0.726159644936249 0.06591574663468688
1594882 0.9795783228426586 0.07324122344261878
1594899 0.8830418540242059 0.07054064736448494
1594916 0.9715399744436035 0.0730204708320921
1594934 0.9836109190504347 0.07335235486976012
1594951 0.915231215849929 0.0714530038209303
1594968 0.9876402041053682 0.07346307145472321
1594985 1.0318917494125721 0.07466492730137546
1594994 0.9715566689088758 0.07302172557996303
1595011 0.887085663164836 0.0706569448287355
1595029 0.9353599565708449 0.07201815192881199
1595046 1.1686749218656585 0.07826349140841835
1595063 0.8589363845973542 0.06985152764707685
1595080 0.931346979092032 0.07190646093459653
1595098 0.9393955075304529 0.07213139987137343
1595106 0.8629679468851437 0.06996797723825018
1595124 0.9997422500602401 0.07379525738857141
1595141 0.9836548645593088 0.07335563208689896
1595158 1.0238853787042799 0.07445070868685459
1595176 0.933066468510543 0.07223019749409176
1633442 0.9839227919100411 0.07432003977928177
1633459 0.8762745657227646 0.07125854818114884
1633477 0.7230805792862546 0.06665965583913237
1633494 0.9508091235205547 0.07339232986731566
1633511 0.9259694608217701 0.07268844090627356
1633528 0.9052701688761247 0.07209665362972867
1683761 0.858085363875277 0.08250524439405131
1683779 0.9585387370430597 0.0862427068491652
1683796 0.9397075119657697 0.08555471317548112
1683805 1.002492688086306 0.08782833481763923
1683822 0.883210024752504 0.08345637039374539
1683839 0.9146042491468964 0.08462916303995739
1683856 1.033894320822974 0.08894412870159153
1689343 0.9596857986426721 0.08634591154340478
1689360 0.9722604688464642 0.08680257844540544
1689377 0.9974066407455384 0.08770849657938891
1689395 0.9659814223102031 0.08657529157839532
1689412 0.8151267218646354 0.08091400215955655
1689421 1.085417738297587 0.09080799286160261
2034554 0.04439869662178788 0.0368421005338397
2034571 0.06978308710675311 0.03854783926187142
2034589 0.037050332843878264 0.03616188685097679
2034606 0.06218707139578085 0.03786819007040996
2034623 0.05194062203143132 0.03716881380136944
2034640 0.06218795226329932 0.03786872646580321
2034658 0.05706487523088329 0.037520798802095384
2034666 0.062188833143295076 0.03786926286879438
2034684 0.06731286363243387 0.03821455935409699
2034701 0.051942461372465935 0.03717013003752062
2034718 0.07243747126781323 0.038557046237613475
2034736 0.12367497336520351 0.041823314704943014
2034753 0.17491318431106245 0.04485243648660715
2034770 0.13904803964557977 0.042755098221086495
2034779 0.15442044775038705 0.04366674220546078
2034796 0.09293541269179446 0.03989694516359132
2034813 0.17491813956720725 0.044853707147320274
2034831 0.21591071151052096 0.047137242105758974
2034848 0.297895487518009 0.05140067549112214
2034865 0.32864153263183105 0.05291122865922265
2034874 0.3081477581638317 0.05190968479593348
2034891 0.39525895731659033 0.05604467681801635
2034908 0.4208822471315009 0.0572043006206978
2034926 0.5694851249770113 0.06351239263638193
2034943 0.4567574035372849 0.05878966508853826
2034960 0.46188484542642655 0.059012971462426456
2034977 0.4465153869088281 0.058342151382809196
2034986 0.5495598712181503 0.06272733084795605
2141103 1.0611222563337752 0.07901411214167355
2141120 1.0258842830153574 0.07788359470363702
2141137 0.9302244335642851 0.0747278138227437
2141146 0.9805825140007788 0.0764058335536647
2141163 0.8849209885998705 0.07318624780589988
2141180 1.1366880704617115 0.08138779400693398
2141198 1.0460615942941023 0.0785347001653621
2141215 0.9655044322895247 0.07590863288424744
2141232 0.8748754599150136 0.07284106997720224
2141241 1.0561545608245357 0.07885854685025458
2141258 1.06119741139318 0.07901970839625812
2141275 1.1870907192021676 0.08293425774688398
2141293 0.7741909122852342 0.06927484074827196
2141310 0.9856874422245185 0.07657698679916682
2141327 1.0159076439028856 0.07756454150372635
2141344 0.9252745349893874 0.07456485218598766
2141353 0.8749250307169391 0.07284519718206432
2141370 0.8900381585738228 0.07336601025122787
2246968 0.09400811519819936 0.041159635858861565
2246977 0.09917772654804743 0.04148322211384122
2246994 0.06816451743657123 0.03950407052825603
2247012 0.05782695802582328 0.038822109594417835
2247029 0.05265831220297913 0.038476724437816266
2247046 0.06816596574698208 0.039504909882201
2247064 0.07850471500193666 0.04017586173836158
2247081 0.031982760944407045 0.03706265056599338
2247089 0.05782900581602378 0.03882348437770757
2247107 0.04749093389013318 0.03812928193839242
2247124 0.08884548909333506 0.04083667694703735
2247141 0.06816886246012233 0.03950658864359323
2247159 0.04749194294317953 0.038130092081822824
2247176 0.03198412005203319 0.03706422554356073
2247193 0.06300088938418356 0.03916776738533118
2247202 0.06817079367060211 0.0395077078574873
2247219 0.052662787728682915 0.038479994644589226
2247236 0.047493624745900645 0.03813144235912558
2247254 0.052663533686614375 0.03848053970607279
2247271 0.04749429748366484 0.03813198248343522
2247288 0.021646416475471972 0.03633789474928613
2247297 0.08368273318024368 0.04051133794889707
2247314 0.05266502563417646 0.038481629852202055
2247331 0.06817465625569565 0.039509946380397676
2247349 0.052665771623807395 0.038482174936847996
2252550 0.11745479920081592 0.04253370993413162
2252567 0.1479242524994962 0.04431551561531271
2252584 0.18855042887881798 0.04658532993082409
2252593 0.26472443407117985 0.05056720193302135
2252610 0.24949167454160123 0.04979672070191913
2252628 0.2647281838402247 0.05056791820739609
2252645 0.07175522120710363 0.03971359152559633
2252662 0.092069013082878 0.04099206142226606
2252680 0.06667787606257636 0.039388124209293975
2252697 0.13269746004611416 0.043436358683456425
2252705 0.10730625110208493 0.04192602845255528
2252723 0.1022285509547686 0.04161761676845058
2252740 0.07175827044567712 0.03971527915491632
2252757 0.11746561382748029 0.042537626216792856
2252775 0.13270215917896824 0.0434378968682874
2252792 0.12762449502323495 0.043140298081051305
2252809 0.10223217111104177 0.0416190905473021
2252818 0.0819181727704295 0.040360886874232
2252835 0.09207618607757355 0.040995255068307174
2252852 0.0768405759325777 0.040040647799206984
2252870 0.07684112014640086 0.04004093138211557
2252887 0.061605195596824494 0.039062969569644786
2285365 0.07310316570866526 0.0451068450245115
2285382 0.06279885517278035 0.04451473467234642
2285399 0.08856155781920595 0.045981827271179505
2285416 0.14523953867258557 0.04905494578737971
2285434 0.1349355295337186 0.04851108040441686
2285451 0.26375049259426325 0.054927953547116666
2285460 0.3101257157926777 0.05706194906721127
2285477 0.4647069333247178 0.06366004608367379
2285494 0.33589348021039667 0.05821433014557437
2285512 0.4750188996118915 0.06407664810655832
2324521 0.5417080487543587 0.07153466213802788
2324538 0.3919265498155716 0.06467195661281623
2324556 0.2109374347987395 0.0552533518258613
2324564 0.21093892873688927 0.0552537431508543
2324582 0.2483875425830648 0.05733004267127886
2324599 0.3295253380877411 0.06158870994002698
2324616 0.4481118947450997 0.06733008252713246
2324633 0.6790439739260938 0.0772962153346878
2324651 0.7227382857331478 0.07904095663487877
2324668 0.7726747170370551 0.08098890033962451
2324677 1.0160968219096784 0.08988085966933831
2324694 0.5292672284301891 0.07099361026142943
2324711 0.5105463849124522 0.07016618464240529
2352325 0.9775566628556647 0.08335160637811102
2352342 1.0200228719121511 0.08469320003040903
2352359 1.0465673472971033 0.08552125407079057
2352376 0.8448901596692449 0.0790161299242
2352394 1.0094294782088635 0.08436174006952556
2352411 0.9828988123234608 0.08352336395431553
2352420 1.0200589933494995 0.08469619921817528
2352437 0.9722974429365108 0.0831865826564915
2352454 0.9616889619772884 0.0828478325983024
2352472 0.9245417638475653 0.08164960206675409
2352489 0.8873940394887819 0.08043348413399581
2352506 1.0360185440276177 0.0851966650622215
2352523 0.8555596835265198 0.07937689293276774
2352532 0.9404916094479012 0.08216784811467867
2352549 1.051964245015019 0.08569306913015809
2352567 0.9351969456758483 0.08199739175493298
2352584 1.0201312400616802 0.0847021979123367
2352601 0.887438034429037 0.08043747183976294
2352618 1.0785343054634453 0.08651355583351002
2352636 1.0201529150731221 0.08470399760343214
2352644 0.9405382368426404 0.0821719218061932
2352662 1.0414000544220217 0.08536788977497223
2352679 1.0944894507851235 0.08700316191829202
2352696 0.9458664292389879 0.08234494404785721
2352713 0.7760081622075644 0.07667525268599999
2352731 1.0838961382876087 0.08668053627936696
2352748 1.0839038148472144 0.08668115018348554
2352757 0.8131833962212918 0.07795253598221492
2352774 0.9989842011177531 0.08404144100444155
2352791 1.1051606591051402 0.08733075465378737
2352808 0.8238176954168287 0.07831485336531877
2352826 0.9830798210713269 0.08353874545578586
2352843 1.2803673561602593 0.09250383617724908
2352852 1.0467971493850183 0.08554003256870316
2352869 1.0733479072408865 0.086360349719563
2352886 0.8875511742912314 0.08044772684814229
2352904 0.8344701759876669 0.07867720830531401
2352921 0.8716374637778013 0.07992165810927618
2352938 0.8981876551643522 0.08079900710460221
2352955 0.8769586204165071 0.08009891827535001
2352964 1.0362313518299209 0.08521416524613225
2352981 0.8238818781397824 0.07832095478868545
2352999 1.0468638755709923 0.08554548516295672
2353016 1.0627983270343655 0.08603888384032837
2353033 1.0256426340374583 0.08488518004607444
2353050 0.9194684836755643 0.08149767686144638
2353068 0.8079837560661866 0.0777820428041977
2353076 0.9088632081358392 0.0811522375323342
2353094 0.8504686224238452 0.07921942548617579
2353111 0.9938236043809608 0.08388609718680122
2353128 1.0469231913069992 0.08555033220518725
2353145 0.8292494916814486 0.07850623829836309
2353163 1.2858580280893772 0.09266915173406193
2353180 0.7390019724338259 0.07539352712158236
2353189 1.0628811284732753 0.08604558703434267
2353206 0.8823674904837826 0.08028374899172386
2353223 0.9726349229074689 0.08321545633676596
2353240 1.0363561215537185 0.08522442564584186
2353258 1.1053876693381244 0.08734869319946154
2353275 0.8399156793941445 0.07886895425753314
2353284 0.9992106317774844 0.08406048991323321
2353301 0.8558566443580504 0.07940444428725943
2401771 1.0531569584295726 0.09498598100003276
2401789 1.0585893126300576 0.09514143918658013
2401806 0.9880732281219424 0.0931098213101112
2401815 1.0423295499560157 0.0946776636390467
2401832 1.1725360724779401 0.09833775071157486
2401849 1.0043692098980803 0.0935847172626055
2401866 0.9664010294108611 0.09247813852437957
2401884 0.8958818741791479 0.09038648814559443
2401901 0.8741877211407196 0.08973352317766677
2464057 0.88662326723503 0.08657282108849851
2464074 0.7249110661067414 0.08119813066583573
2464092 0.38474740109486155 0.06852930602409868
2464100 0.45166907571760395 0.07120049802262216
2464118 0.42936578642363643 0.0703220299507483
2464135 0.3959088990130993 0.06898306682516332
2464152 0.4405252703802475 0.0707638818506527
2464169 0.45168187141377564 0.07120251511874175
2464187 0.36803341084623414 0.06784808804075726
2464204 0.2509229300541461 0.06285149562641493
2464213 0.6747655839382606 0.07946109032737794
2464230 0.552078759044857 0.07503277078715302
2464247 0.49073639176949174 0.07271775846335302
2464264 0.7305496960464632 0.08139631378026918
2464282 0.5297824211517339 0.07420069604697768
2464299 0.5019009316106285 0.07314577288750884
2464308 0.6134462837867597 0.07728168453728167
2464325 1.0428896537583545 0.09147448235567651
2464411 0.7640601798538591 0.08253995449700997
2464420 0.9592735064154035 0.08889143133487519
2464437 0.786380650669791 0.08329145982323749
2464455 0.7361891973927251 0.0815940810850216
2464472 0.8812090959638267 0.08640894354328256
2464489 0.5577188124366476 0.07524826549507756
2464506 0.7585151194919634 0.08235480493598869
2464524 0.8812278192579364 0.0864107794980759
2464679 0.9370701969023612 0.08819876277445876
2464696 0.9593890098599104 0.08890213450392724
2464714 0.9705519717620765 0.08925207011768746
2464731 0.937090107092778 0.08820063675803777
2464740 1.0096128166248945 0.0904652876286092
2464757 1.0207763712691047 0.09080923306073742
2464774 1.0319400839916475 0.09115189066824683
2464792 1.004055946118865 0.0902950667072069
2464809 0.9148100092231479 0.08749533060959627
2464826 0.8757680083137857 0.08624218866582856
2464843 0.9036661680634698 0.08714018928455922
2464852 0.8144176237853643 0.08423548901579873
2473596 0.8735735691625576 0.08639625360152413
2473604 0.8847799405048495 0.08675909075097747
2473622 0.9407874431343702 0.08854863679635702
2473639 1.0751981401534525 0.0927019765888362
2473656 0.9744020362203508 0.08960612248477878
2631993 0.9361086734537797 0.0865450757693383
2632010 0.918094844208854 0.08591804105067849
2632019 0.8580325771280831 0.08379254072832401
2632036 1.0322391867661933 0.08982035796820681
2632053 0.888079497040156 0.08486345946093014
2632071 1.116351784034735 0.09259104496828546
2632088 0.9842047421507257 0.08820069859806427
2632105 1.0382754754869736 0.09002354614511629
2632122 0.840047686697011 0.08314763761133626
2632131 0.9481826934923292 0.08696653162208856
2642611 0.9284510482725182 0.08653314163837891
2642629 1.085371413127121 0.09184272990805523
2642646 1.1336605466907228 0.09341624308220231
2642663 1.224197050897465 0.09629682352400301
2642680 1.0431474884136973 0.090445973420809
2642698 1.0491902407701692 0.09064775105221465
2642715 1.0793744415730018 0.09164747559986945
2642724 0.8922846450736334 0.08526529669606009
2642741 0.9345391473183984 0.08674825318837093
2642758 1.0130070175311143 0.08943666602189179
2642776 0.952658942136546 0.08737708944173386
2642793 0.9647368424055747 0.08779361919995149
2642810 0.9828504887667625 0.08841444873643843
2642819 1.1216775447605414 0.09303276751301166
2642836 1.1397925591141582 0.09361894840265197
2642853 0.8802637956890627 0.08484181468032527
2642871 0.9466635907815864 0.08717209098385992
2642888 1.0009927487794024 0.08903349058536335
2642905 0.9647846718227838 0.08779797180416068
2642922 0.9527196676532141 0.08738265913584643
2642931 0.9165106472688419 0.0861234030031688
2642948 1.091561123419004 0.09205384522251987
2642966 0.9889561026841033 0.08862649752016598
2642983 0.8380610005615449 0.0833301217545804
2643000 0.9105005238014138 0.08591405756485274
2643017 1.3270026532573016 0.0994754690280686
2643035 0.9527669012867443 0.08738699136560787
2643043 0.9889911239732205 0.08862963599535681
2643061 0.8561996325296047 0.08398637784631
2643078 1.019186907461272 0.08965278387344108
2643095 1.0131576926229175 0.08944996886938467
2643112 0.868290687585123 0.08442089710007643
2643130 1.1339014417235944 0.09343609338837529
2643147 0.7475727337762244 0.07998937746998144
2643156 1.0252595148411738 0.08985895309757556
2643173 1.043376539579358 0.09046583327367876
2643190 0.9830175643668446 0.08842947838463762
2643208 0.9407677541184992 0.08697581687940185
2643225 0.9769948020561126 0.08822444310077661
2643242 0.9770017215002987 0.08822506793942325
2643251 0.9287141101647565 0.0865576594328529
2643268 0.9770155605356902 0.08822631762999263
2643285 1.1400186090200644 0.09363751542549155
2648728 1.0156866329803678 0.08967324471074042
2648746 0.9793849206787735 0.08844027524643928
2648763 0.9612371867984758 0.08781759556493324
2648772 0.8704703556423107 0.08463281867818288
2648789 0.8523215932308514 0.0839818386894799
2648806 1.0278259419243532 0.09008388780684426
2648824 1.1791259229833806 0.09503052436622181
2648841 1.1004614871115748 0.09249227530739908
2648858 0.9491744363525121 0.08740329841666554
2648867 0.9322148687342764 0.08685604648100233
2687384 1.1193979633502602 0.09408386010535297
2687401 1.0209109894303532 0.09080512229162283
2687418 0.8116150596893142 0.08340995960970343
2687427 0.8670249806031727 0.08543060816369968
2687444 0.9224356863440686 0.08740461602515351
2687462 0.7808517924043533 0.08226803097423267
2687479 0.7931696327123334 0.08272799595593851
2687496 0.8732057870234212 0.08565454641677597
2687513 1.088680223000041 0.09307673699355436
2687531 0.9347809236122716 0.08784023889284821
2687539 0.7624105011457333 0.0815770006152722
2687557 0.8609177787413355 0.08521335230551005
2687574 0.8793930807722139 0.0858785348027788
2687591 0.8424606379771075 0.08454475690379502
2687608 1.0210049896013411 0.09081348315472487
2687626 0.8547855757846613 0.08499308052333601
2687643 1.0641155439592125 0.09226400607258642
2687652 0.9225206194216236 0.08741266378733513
2687669 0.8486471045820481 0.08477161139379094
2687686 0.9040635663948746 0.08676101890517128
2687704 0.8979132490363101 0.08654290889484315
2687721 0.7624698997022883 0.0815833561889131
2687738 0.7070636711040545 0.07946557593259812
2687747 0.7563237585137693 0.08135185882375502
2687764 1.0949605816589278 0.09329067734281031
2687781 0.9595147906245002 0.08870901703112817
2687799 0.9903066764703001 0.08977163151471394
2687816 0.7932876090986332 0.08274030095301124
2687833 0.9041211942874411 0.08676654932898469
2687850 0.8487132217367318 0.08477821585601446
2687859 0.8548763889748775 0.0850021102648376
2687876 1.0765430867716392 0.0926837586723693
2687894 0.8487312545819875 0.08478001716228425
2693043 0.3137623355261433 0.06250660059551186
2693060 0.6655335076197078 0.07796173398415893
2693078 0.6531953532640681 0.07747222075682356
2693095 0.6655429347696946 0.07796283829664072
2693112 0.48040214299345857 0.07025426511704623
2693129 0.813669742951406 0.08362112011720735
2693147 0.511266991756836 0.07159780414609888
2693155 0.5853303522174642 0.07472207705879828
2693173 0.8136870312181468 0.08362289683834301
2693190 0.5915103832280464 0.07497757514591853
2693207 0.4804225576855262 0.07025725057248126
2693224 0.6162060712305211 0.07598790392742123
2693242 0.6717572296521793 0.07821170292005772
2693259 0.6285585839234001 0.07648862962327184
2693268 0.6779386581611401 0.07845596054997044
2693285 0.7334914340143137 0.08061182301472032
2693302 0.8754535940879449 0.08587503842153067
2693320 0.6656089285586535 0.07797056892201196
2693337 0.7458513306462141 0.0810847259659556
2693354 0.579207923466315 0.07447309619104846
2693363 0.7211730124591027 0.08014071683850232
2693380 0.41873738745593797 0.06749727682751559
2693397 0.5730479218736776 0.07421846482524412
2693415 0.6532925098169009 0.07748374400767251
2693432 0.6286075542255393 0.07649458876757224
2693449 0.71502611158292 0.07990551080246783
2693466 0.4928219671943704 0.07080536054590243
2909233 1.1275507049106195 0.10681531232942762
2909242 1.052856379054337 0.10441437375854189
2909259 1.0324903700120072 0.10375045395688659
2909276 1.0664537324754157 0.10485662677419126
2909294 1.012131240680289 0.10308296115832602
2909311 0.8763121854945464 0.09850792036109146
2920361 0.9693314721245117 0.10200361093809676
2920379 0.8328447973965422 0.09733118853638822
2920396 0.9420462811667727 0.10108770768773195
2920413 0.9693520677791929 0.10200577823711422
2920431 0.8328624930809841 0.09733325655915079
2920448 0.9488911223618213 0.10131997466399274
2920465 0.7987496720145137 0.09613081544475037
2920474 1.0717539593748915 0.10537775947492908
2920491 1.0717615499390256 0.1053785057998058
2920508 1.030818828549388 0.10404468613302284
2920526 0.8397229525375235 0.09757638074278198
2920543 0.9079805534354244 0.09993554615216385
2920560 1.071791912733157 0.10538149115217046
2920569 0.9011681026863314 0.09970362161418471
2920586 0.9762528492361847 0.102241801440423
2920603 0.9421330198858437 0.10109701531778577
3094302 0.9054612204468282 0.10185224344608969
3094319 0.8686131177184236 0.10051057561083773
3094336 0.8538774130107997 0.09996928611435342
3094354 0.6401244047370314 0.09175173878273085
3094371 0.7875500246031149 0.0974943534380863
3094388 0.8465244436558441 0.0996992977512045
3094406 0.8023034542787463 0.09805144979450227
3094414 0.7580818925547438 0.09637537687994538
3115729 0.973617351449309 0.1049546138973941
3115746 0.8620073730509844 0.10092111630563312
3115764 1.234072577912968 0.11381464773716783
3115781 1.0778154156380535 0.10858704625008443
3115798 1.0703817005931588 0.10833255105903081
3115807 1.107595960107189 0.10960372145065447
3115824 0.8843620422558334 0.10174436256688342
3115841 1.0108729360157813 0.10627059772909243
3115859 0.9587896166683164 0.10443164120797177
3115876 0.8769392750779598 0.10147402740745759
3172503 0.9715650890792035 0.10448539059424236
3172520 1.0478770298020044 0.10723617908709228
3172537 0.9792093663392839 0.10476512623225931
3172554 0.9792163014678469 0.10476586821823729
3172572 0.9868539719203279 0.10504413133324535
3172589 0.9563380278314247 0.10393033027103478
3172606 0.8571446209691302 0.100223209973774
3172615 0.8571506915893138 0.10022391979219487
3172632 0.9945127687917569 0.10532390928890356
3172649 0.9029484740806097 0.10195345213164253
3172667 0.849537900145546 0.09993512693280371
3172684 1.2005722869510922 0.11254282226101554
3172701 0.8190255430469254 0.09876425107926455
3172719 0.8495559505129725 0.0999372502821677
3172727 1.0479735128656558 0.10724605283639521
3172744 0.9335118840761437 0.10309381331399725
3172762 1.147195563163129 0.11072092461825685
3172779 1.2540429225228127 0.11434433692624955
3172796 0.9182689587536165 0.10252955424252198
3172814 0.9335383302844046 0.10309673394147272
3172831 0.8114404053338358 0.09847457615390694
3172840 0.9564464039104394 0.10394210807486323
3172857 1.002242978663242 0.10561044961599604
3172874 0.8190893524186029 0.09877194569252669
3172891 0.9335713890983179 0.10310038484217159
3172909 0.9641052581495185 0.10422484724629831
3188711 1.0246728824626012 0.10690821759135816
3188728 1.016994737397997 0.10663237170427786
3188746 1.0784859313301454 0.10882628054785133
3188763 0.9324679576214676 0.10354244577109756
3188780 0.7557054281181159 0.0967605832628051
3188798 0.9324811658449368 0.10354391242928254
3188815 0.8479447884517648 0.10035796068347191
3188824 0.8018361393581296 0.0985770541409383
3188841 1.116961015930626 0.11017951829746882
3188858 0.8787063810668434 0.10153048765042368
3188875 0.9478860841393877 0.104116514732025
3188893 0.9248348451286392 0.1032626699564103
3188910 0.909469224114772 0.10268972113873874
3188919 1.1400588490857242 0.11098475352313202
3188936 0.8941098305510113 0.10211427225611157
3188953 0.9479196510414098 0.10412020174558852
3188970 0.9171812642722513 0.10297987843677833
3188988 1.017109987339765 0.1066444557143298
3189005 0.5713073166418035 0.08914335624611185
3189022 0.9633193821898168 0.10468903111016394
3189031 0.8787748401064194 0.1015383977781091
3189048 1.0094521982153972 0.10637011462188016
3189065 0.6789358127077999 0.09367049599733758
3189083 1.2784992926651357 0.1156844042902234
3199848 0.8366519787869945 0.10025636427553186
3199865 0.7825938512791667 0.09815254636772057
3199883 0.9525160791064803 0.10462507683380769
3199900 0.7517108110549368 0.09693081140051615
3199917 0.7517161349532733 0.09693149790093358
3199935 0.9293654093050064 0.10376853125232142
3199943 0.8521348949510849 0.10085387804630648
3199960 0.9525498099676426 0.10462878185676551
3199978 1.191994776901241 0.11312255944049489
3199995 0.9216678076278141 0.10348362148883881
3200012 0.8367112355114591 0.10026346503415591
3200030 0.7594773864592324 0.09724354510951076
3200047 0.8289990494939974 0.0999669313903264
3200056 1.076175656378865 0.1090994818645029
3200073 0.8058383502746134 0.09906908255277004
3200090 0.774947306265871 0.09785790730762021
3200107 0.8135740215012879 0.09937115029701166
3200125 0.8213040949306571 0.09967161126083024
3200142 1.076213766319944 0.10910334533679107
3200151 0.8444889342917449 0.1005669535509324
3200168 0.9062906627182349 0.10291352447916481
3200185 0.9989914440582911 0.1063360856178624
3200202 0.7827102546192679 0.09816714561893876
3200220 0.8754114170461249 0.10174951781879625
3200237 0.8754176170386201 0.10175023844710264
3200254 0.8059011322467279 0.0990768009151142
3200263 0.9990268207227289 0.10633985123171315
3200280 0.8677113588048482 0.10145874521361437
3200297 0.9217918398885632 0.10349754766421082
3200315 0.9526982399478682 0.10464508551654216
3200332 0.9372549421008093 0.10407399870737606
3200349 0.8754610182156011 0.10175528298815453
3200367 0.9449932934901263 0.10436178033069797
3200375 0.7827712347071014 0.09817479371237676
3200392 1.022259093685546 0.10718434191198405
3200410 1.0068157413717136 0.10662685602690221
3200427 0.9836468760463303 0.10578470676412767
3200444 0.8832236265326932 0.10205243462254826
3200462 0.7441717096235626 0.096646567793436
3200479 0.7519024951516408 0.09695552847888306
3200488 0.5896709692270621 0.0902614970256504
3200505 0.9141510892292102 0.10321835851344355
3200522 0.6901130943425218 0.0944631509737568
3200539 0.6283121675637843 0.09190167792229521
3200557 0.5974134630931248 0.09059407616331008
3200574 0.5896918508793836 0.09026469340006471
3200583 0.5819701859377601 0.08993408960932156
3200600 1.2464056778560917 0.11498528782028133
3200617 0.9064704032485558 0.10293393485326222
3200634 0.8446683823550825 0.1005883233336704
3200652 0.898757182989438 0.1026450359228919
3200669 1.1846316152435776 0.11289294471459055
3200686 0.7596979527701311 0.09727178643754229
3200695 0.9837653142202211 0.1057974440053062
3200712 0.9914985607258772 0.1060799410670248
3200729 0.775166875305241 0.09788563379499368
3200747 0.8756160399849932 0.10177330124788923
3200764 0.6824599126260754 0.0941567042383972
3200781 0.620652365339184 0.09158609739101872
3200799 1.0997060902589693 0.10995251968258134
3204920 0.9623841418182144 0.1051440737286142
3204937 1.2488002226749049 0.11520619296383251
3204954 0.9701386809554734 0.10543012050774718
3204972 0.815327561533801 0.09958533030462934
3204989 0.7921104559355636 0.0986793382443041
3205006 0.6992240014249231 0.09496668676259087
3205015 1.0011304434627366 0.10656376807216217
3205032 0.6992339057940652 0.09496803194685226
3205049 0.9934033881698047 0.10628373761398777
3205067 0.9469630189622691 0.10457930997715328
3205084 0.8231092725553116 0.0998906835430359
3205101 0.8618217643190629 0.10138013547826757
3205119 0.97794873384448 0.10572139975181473
3205127 1.0089214738510002 0.10684986369819086
3205421 0.9006560495064962 0.10286190119589914
3205438 1.0632546580971427 0.10880987338030888
3205447 1.0322919881341646 0.10770314934072722
3205464 0.8387344034458626 0.10050590211261261
3205481 0.8929389051607669 0.10257300759457792
3205499 0.8697170855162879 0.10169326849525538
3205516 0.8310094548405081 0.10020936116568507
3205533 0.8697294048861132 0.10169470896021139
3205551 1.0555645494980652 0.10853944701271057
3210510 1.0578846176894858 0.10877801027125153
3210519 0.8328536597666194 0.10043174924614283
3210536 1.1510195774632095 0.112051780666849
3210553 0.8716657118849385 0.10192111521438299
3210570 0.9880735883333447 0.1062607703522043
3210588 0.9492796678756819 0.10483515264468377
3210605 1.0656897428222891 0.10905907168722032
3210622 0.9492931142336881 0.10483663761380488
3210631 0.7242502872695306 0.09614789808400165
3210648 0.9570670098437108 0.10512495446158983
3210665 0.9648341783152532 0.10541174939666474
3210683 1.104529934782151 0.11043482478626221
3210700 0.9027635027106558 0.1031025886851799
3210717 0.8562062245283638 0.10133573764283996
3216091 0.8426879925451523 0.10097966238448673
3216109 1.1538599458976302 0.11232829059514074
3216126 0.8193622934842302 0.10007813851194451
3216135 0.8504851072540175 0.10128101482905437
3216152 0.8893877409456674 0.10276466973972408
3216169 0.8893940399237383 0.10276539755771769
3216186 0.7960472091373746 0.09916977009995612
3216567 0.8039632845595146 0.09949133687922974
3216584 1.130762760907429 0.1115409531116836
3216601 0.990715315622247 0.10654487062580102
3216618 1.0062841722244895 0.10711234868926406
3216636 0.9284815481118904 0.10424865910362992
3216653 1.060765580409829 0.10907424805290021
3216670 0.8895893303729216 0.10278796247242215
3216679 0.9051579116268184 0.10337604874076033
3216696 0.9285078518117216 0.10425161244765968
3216713 0.9129519265684005 0.10366994200447625
3216731 0.9129583924368857 0.10367067623394809
3216748 1.1775308993321745 0.11316556228137202
3227289 0.32308639273631856 0.07876319412599429
3227306 0.23709275996992193 0.07437357492851394
3227323 0.15109789477101623 0.06970794588785031
3227341 0.42472625565756855 0.0836568185302488
3227358 0.27618769350270833 0.07640201237394027
3227367 0.3387339145875069 0.07953818958816451
3227704 0.8548512186845068 0.10180095832102735
3227721 0.870495790129395 0.10240050180945237
3227738 0.7219351056914742 0.09656252714390255
3227755 0.9174242789187069 0.10417779843731452
3227773 0.8548754364515726 0.10180384232217496
3227790 0.9721735770505902 0.10621360621061225
3227799 0.7923313194979164 0.09937381497248002
3227816 0.8470740667780784 0.10150524753480612
3227833 0.8079818351026125 0.0999886369096268
3227850 0.8392663638379267 0.1012050412641664
3227868 0.8158130369630494 0.1002953620648309
3227885 1.0425931432727595 0.10877791003152694
3227902 1.019140981504755 0.107932161010883
3227911 0.8862096213628812 0.10300459864267462
3227928 0.7845562921916501 0.09907129981371986
3227945 0.9331423202251016 0.10477196432620317
3288633 0.3585841952841835 0.07332398739116297
3288650 0.35055373895632336 0.07288315500764507
3288659 0.3907214564871704 0.07506449551841574
3288676 0.37465800424005147 0.07420038513340786
3288693 0.3103953835586976 0.07063654731601834
3288711 0.3264640289534543 0.07154479364105812
3288728 0.33449959205180246 0.07199488565321885
3288745 0.23810200168528953 0.06639972919051758
3288762 0.3264709654252385 0.07154631377313514
3288771 0.2300719527106921 0.0659129187920148
3288788 0.23810706070456897 0.066401140003983
3288806 0.28631010700676496 0.06925606435841096
3288823 0.3023793488906393 0.07018224995038995
3288840 0.18187642790266578 0.0629088202108751
3288857 0.17384398042755558 0.062394191211918686
3288875 0.19794657439273086 0.0639274214826785
3288883 0.2461510284541633 0.06688818259977261
3288901 0.20598328455395412 0.06443116014710057
3288918 0.2863243015984478 0.06925949791360538
3288935 0.2140202076179765 0.06493102057479799
3288952 0.23008987736135497 0.06591805399441386
3288970 0.21402323917172145 0.0649319403098117
3288987 0.15778546365921756 0.061354544835566203
3288996 0.12564961987176376 0.05921348670497062
3289013 0.18992490228320394 0.06342465193287287
3289030 0.09351399054408595 0.05699239613848865
3289048 0.18189317413764464 0.06291461252765657
3289065 0.23010128468432248 0.06592132205878908
3289082 0.14172311908865318 0.06029587716176292
3289091 0.10155122151300167 0.05755755096112493
3289108 0.23010617371014824 0.06592272270740543
3289125 0.11762205105427447 0.05866922655849565
3289143 0.11762288409782357 0.05866964207599664
3289160 0.07744966300910072 0.05585145398921846
3289177 0.07745021153670735 0.05585184955019566
3289194 0.12566029906142795 0.059218519366874764
3289203 0.13369617647478418 0.059761559153127954
3289220 0.14976719731858645 0.06083270547718116
3289238 0.13369807025457725 0.05976240566374711
3289255 0.06941780343968135 0.05527283596943785
3289272 0.061383087381352404 0.05468605943962346
3289289 0.0533482575097869 0.05409290094274294
3289307 0.1176312148578175 0.05867379741286679
3289315 0.06138439160483772 0.05468722136949834
3289333 0.1497746224291969 0.06083572142176039
3289350 0.0694207533496722 0.05527518478894768
3289367 0.06138569585603417 0.05468838332406101
3289384 0.06138613061259114 0.05468877064773485
3289402 0.06942222835167597 0.055276359236132264
3289419 0.08549416717675136 0.05643283382489176
3289428 0.045315881294698206 0.0534961798575715
3289445 0.0694237033850195 0.055277533708270626
3289462 0.04531652318515883 0.053496937620336985
3289480 0.061388739216595024 0.05469109464738518
3289497 0.07746118290470076 0.0558597613580832
3289514 0.05335354740689721 0.05409826467707546
3289523 0.07746228012697587 0.055860552600511294
3289540 0.16586076329341484 0.061893675441536414
3289557 0.11764454530109693 0.05868044656402405
3289575 0.10960908210568625 0.05812797651900222
3289592 0.053355436782981845 0.05410018042537091
3289609 0.06942862038918265 0.05528144879562724
3289626 0.14175725011346496 0.06031039815235845
3289635 0.13372174476547377 0.05977298805825284
3289652 0.18997871449470474 0.0634426223029673
3289670 0.1417602620690816 0.06031167958411811
3289687 0.17390801586702007 0.06241717411558012
3289704 0.1256887813381112 0.05923194188986714
3322925 0.8545381004160966 0.10238325567221408
3322942 0.8871676107453506 0.10367521890731934
3322960 0.9605770750840327 0.10652405441293697
3322968 1.0666115593111145 0.11050925188318753
3322985 0.8627183471448562 0.10271049681454794
3323003 0.8219440390909848 0.1010791129342506
3323020 0.8382621072961525 0.10173582101680133
3323037 0.8953614622308275 0.10399995151573178
3323055 0.887211594459793 0.103680358884442
3323072 0.8301235914266973 0.1014105087809742
3323080 1.0014133640555125 0.10808002569489195
3323098 0.8219789676080609 0.10108340829178622
3323115 0.9932711087559302 0.10777335005247886
3323132 0.9443388569664456 0.10590602106691992
3323150 0.9035624676693609 0.10432445413999313
3323167 0.9198822135584414 0.10496098222608471
3323184 0.895418535423545 0.10400658080404254
3323193 0.862797781760592 0.10271995386257932
3323210 0.7404513135865005 0.09774215434020378
3323227 0.9199082736408142 0.10496395575008859
3562236 0.7930829380013578 0.10296816510973758
3562253 1.0016350690857105 0.1117744858294968
3562270 1.0288441009628122 0.11287319837219681
3562288 0.9291103086970528 0.10879407787134927
3562305 0.8565774269066625 0.10572876724998247
3562322 0.9835285011369095 0.11103964868174908
3562331 1.001670539367202 0.1117784440300414
3562348 1.1014216046652616 0.11575420780154101
3562365 0.9835493984398039 0.11104200797196702
3562383 1.0107595843157955 0.11214800271739762
3562400 1.0107667428948532 0.11214879699168014
3562417 0.9835702961867092 0.11104436731231344
3562426 0.7931503435623369 0.10297691656131931
3562443 0.9382441329411539 0.10917901452676669
3562460 1.174020743852801 0.118567303760505
3562478 0.7478265248142313 0.10096306507959164
3562495 0.9836051267516019 0.11104829965762383
3562512 0.7931784309035446 0.1029805632189996
3562529 0.9745507191380814 0.11067899213737571
3562538 0.9020104525158946 0.10766673553573414
3562555 0.929222180275141 0.10880717746250029
3562573 0.9382972942380502 0.10918520065445173
3562590 1.1378128759925241 0.11717866834235106
3562607 1.0471344543017822 0.11361615668445152
3562624 1.1015542237653853 0.11576814544250351
3562642 0.9473926657881705 0.10956424970055784
3562650 1.1469140305371082 0.11753238947548043
3562668 1.056233037644869 0.11398073844721444
3562685 1.0925163815912906 0.1154156677621801
3562702 0.9202124316988354 0.10843552943468734
3562720 1.0381172578821043 0.11325927084912803
3562737 0.9202254663252125 0.10843706540243077
3562754 0.9293011565578664 0.10881642518235915
3562763 0.847684072228441 0.10536087105539962
3562780 1.0744240723903762 0.11470571733839688
3562797 0.8839738078184386 0.10691232186855204
3562815 1.0018833874355335 0.11180219617703767
3562832 1.16514250642731 0.1182392888897048
3562849 0.9656191463327075 0.11032249266985153
3562858 0.8477200945683857 0.1053653483662733
3562875 1.101679056328892 0.1157812647552493
3562892 0.8023830814712756 0.10339663531075516
3562910 0.9202971600706721 0.10844551361392876
3562927 0.784254555156115 0.1025994098503929
3562944 0.8386801706986233 0.10497798813976456
3562961 0.8931064905894894 0.10730391124036644
3562970 0.9566037200413239 0.1099552816590255
3562987 0.8114873816512166 0.10379808240436725
3563005 0.9384767358541447 0.1092060814232436
3563022 0.8840614607373871 0.10692292306171007
3590143 0.9430040635580661 0.120660880196182
3590160 1.0439900838780896 0.12444371937288523
3590177 0.8512173755231704 0.11711847422704569
3590195 0.9430240998269938 0.12066344391137485
3590212 0.9338506373604378 0.12031458609322472
3590221 1.392867231247669 0.13670993135359996
3590385 1.0349127471306245 0.12411697159938441
3590402 1.0991865276520554 0.1264723874981124
3590419 0.933936621467278 0.12032566403418357
3590428 1.062477891009755 0.12513413852957717
3590445 1.2920131294196218 0.13328950528947164
3590463 1.0257682142058142 0.12378133472673836
3590480 0.9890505597441812 0.12241264217310768
3590497 0.9523323177810101 0.12102843701528106
3590514 1.007427255541232 0.1231010784350302
3590532 0.9431643656300489 0.12068139144300498
3590540 0.7779040582243177 0.11422262035029954
3590558 1.1176273875458538 0.12714610309028732
3590575 1.2369965144340462 0.13138604283223182
3590592 1.0074629309378298 0.12310543773717397
3590609 1.0533789005979997 0.12480660395650221
3590627 0.9615681092348028 0.12138306656673548
3590644 0.9799387133088647 0.12207649954588937
3590653 0.9064900251741653 0.11928292367216382
3590670 1.1819570533054224 0.12945231620253816
3590687 1.0350520191835726 0.124133674481331
3590704 1.2003379749028886 0.13010380610516176
3590722 1.1636177224816564 0.1288021292871661
3590739 1.126896815145377 0.1274871192536421
3590748 1.053446046325769 0.12481455952714096
3590800 0.9616430239397178 0.12139252338682568
3590817 0.8330933972509437 0.11642968144503724
3590834 0.924925936102722 0.11999698637116335
3590851 1.099404524347298 0.1264974701950164
3590860 0.8973906826575498 0.11893995311278459
3590877 0.9800428228812459 0.12208946906326111
3590895 0.869854581598435 0.11787338387743233
3590912 0.9800567049932343 0.12209119843634826
3590929 1.347385943835915 0.13520213184825772
3606861 1.2274511323352266 0.13168886869625288
3606879 0.7465570408866502 0.11355506005810574
3606896 1.2089721087228196 0.13103965392126138
3606913 0.9870224479468387 0.122958960373869
3606930 0.8113111880876952 0.11616377027378856
3606948 0.8945524807079772 0.11943201135263302
3606956 0.7558319453549477 0.11393506607273501
3606974 1.2275119865181832 0.1316953975252204
3606991 0.6726053364259403 0.11050673724210573
3607008 0.9778157278603636 0.12261587588177054
3607025 1.1350509123615318 0.12840960155213685
3607043 1.338532297096186 0.13554018094113413
3607060 1.125818062162668 0.12807790949626247
3607069 0.7281226408782552 0.11280894456030376
3607086 1.2460708259756588 0.13234985952125847
3607103 0.9871063367794126 0.12296941087948994
3607120 1.0148606264028246 0.12400938815609086
3607138 0.746641643738882 0.1135679285750979
3607155 0.7188991722829012 0.11243314143877048
3607164 0.8761425452700231 0.11872546142159661
3607181 1.1443806198046103 0.12875135865573947
3607198 0.7836605267856676 0.11506786458844168
3607216 0.9131592216352491 0.12016050779369819
3607233 0.8391691113149584 0.11727879806912603
3607250 0.9131721563543068 0.12016220984343202
3607267 1.0611738753900364 0.12573016938122103
3607276 1.0796808776007976 0.12640970629490725
3607293 1.190686637039053 0.13040841256038987
3607311 0.9779473161553209 0.12263237675569011
3607328 1.1167037128795527 0.1277589143318033
3607345 1.014961257773849 0.12402168465713286
3607362 0.8854671149920063 0.11909532188226911
3607380 0.866973045629392 0.1183755324166803
3607388 0.8947298932577217 0.11945569776356155
3607406 0.894736230070922 0.11945654379368544
3607423 0.9409943332067934 0.12123495898214787
3607440 1.0520061179275442 0.12539923140996154
3607457 0.8670037472081639 0.11837972437599376
3607475 0.793005448534342 0.11545291262682796
3607492 0.9965247647234377 0.12333770830915117
3607501 1.255551062241263 0.1326970752356989
3607518 0.8300253374290857 0.1169283885644816
3607535 1.348076965539139 0.1358851996549292
3607552 0.9225459362808808 0.12053390885745308
3607570 0.7375334763176125 0.11321231163869194
3607587 0.8485508280072016 0.11766131297787659
3607596 0.9040633628434565 0.1198243485982581
3607613 0.9780789221586035 0.1226488798501935
3607630 0.9040761687214799 0.11982604588636363
3607648 0.8763287195069754 0.11875068976178658
3645871 1.230010994082162 0.13332004421023982
3645888 0.7877871692854757 0.11667660958346303
3645905 1.1735728849008211 0.13131462733230878
3645923 1.1453530925908044 0.13030029865777162
3645940 0.6466628712264727 0.11084202569373135
3645949 1.1359599070467143 0.12996196105994143
3645966 0.7595865009954331 0.1155369061115839
3645983 1.004241573993044 0.1251040441473862
3646000 0.8442842951267925 0.11893709464972736
3646018 1.060714198882257 0.12721133686173058
3646035 1.0230824653278459 0.1258124667781319
3646044 0.9478107552003838 0.12296599093485815
3646061 0.7031591800345318 0.11321938477202427
3646078 1.1172042481692035 0.1292862312952778
3646096 0.9572409716592368 0.12332812838484492
3646113 1.2019113064718925 0.1323342728044315
3646130 0.9666647421402316 0.12368835209592238
3646147 1.0513640213839033 0.12687002779797482
3646156 1.0231404335994065 0.12581959536403492
3646173 1.0419685024524346 0.12652235143283191
3646191 0.9855130834467274 0.12440574834121501
3646208 1.0984464602381747 0.1286067923402903
3646225 0.8255467900406578 0.11820202787365083
3646242 0.7032139623863746 0.11322820556872026
3646260 0.797326250129624 0.11707445487785607
3646268 0.9290831847102239 0.12225590522696352
3646286 0.9290897648263389 0.12225677108920854
3646303 0.9102744560053947 0.12153105771682275
3646320 0.9855689230217217 0.12441279722187516
3646337 0.9855759031910536 0.12441367836003951
3679973 0.8826760064986097 0.11095471820635966
3679990 0.9113391428190877 0.11218227985754699
3680008 0.5961171405356591 0.09784610879724576
3680025 1.102400984090024 0.12004251015958223
3680033 0.978226085166249 0.11499631255252366
3680051 1.0355485469281704 0.11735352490145248
3691075 1.0502134203566524 0.11831762066359858
3691093 0.9926245484681493 0.11595848950070031
3691110 1.0502282964212215 0.11831929660920215
3691127 0.9734396373078062 0.11516271479549696
3691144 0.6950586634863826 0.1029088527184518
3691153 0.9158554843003911 0.1127382238087972
3691170 1.1174560531957358 0.12101790654486343
3691188 0.9446678359364725 0.11395934832569428
3691205 0.9926737604932049 0.11596423845391685
3707586 0.8741927068675892 0.11148377998965137
3707604 0.8065103426902617 0.10850933148192538
3707621 0.9032146354982615 0.11273643613986185
3707638 0.8935511625887069 0.11232175420886012
3707656 0.8161974880784786 0.10894165606489122
3707673 0.6228018560565431 0.09999123372506738
3707681 1.0966430057720191 0.12074955138657675
3707699 0.9225870498791956 0.11356685317207121
3707716 0.9902854953674416 0.11641396816989533
3707733 0.6131491482334782 0.0995253659416393
3707751 0.8162321723958337 0.1089462855412463
3707768 0.7388741149537796 0.10545764325175819
3707785 0.671185447916342 0.1023075487874116
3707794 0.4874484917694595 0.09322064308461547
3707811 0.6228415554314378 0.09999760748493215
3707828 0.8065903145005958 0.10852009103108108
3707846 0.7389002802445653 0.1054613777578742
3707863 0.7098928146038102 0.1041233995431315
3707880 0.7389107466203186 0.10546287159734968
3707889 0.6131925751434167 0.0995324149265654
3707906 0.9130008918098632 0.11316481249861152
3707923 0.7872822434049442 0.10765940424587543
3707941 0.6809042273789704 0.10277086254841343
3707958 0.9903907041912762 0.11642633609482847
3707975 0.913026756945743 0.11316801843551513
3707992 0.8840189516119598 0.1119221719755289
3708001 0.8066531550574095 0.10852854571101371
3723769 0.43247081544458316 0.09080029454695272
3723778 0.5883023482504549 0.09880520516662417
3723795 0.7149181169945614 0.10486048485783395
3723812 0.8220568222169893 0.10972372850913467
3723830 0.5590964271276724 0.09735661066074078
3723847 0.5785795197457712 0.0983268091344411
3723864 0.4714476992612877 0.0928699907322163
3723873 0.35457469257456653 0.0865252403914242
3723890 0.41301577265241224 0.08975467392975818
3723907 0.23770169600528238 0.07967720550010533
3724020 0.588364850022326 0.0988157023207004
3724037 0.48122482345570794 0.09338658521473604
3724054 0.44226637882193853 0.09133275494347144
3724072 0.2961616710636258 0.08317826264893051
3724089 0.2279796317610123 0.0790858231922378
3724097 0.08187130995851861 0.06950862241593793
3724115 0.07213115957649353 0.06882321690564502
3724132 0.23772526598813684 0.07968510611839745
3724149 0.3253947545235991 0.08487500602986876
3724167 0.3838427000926161 0.08816566215900418
3724184 0.549442532575541 0.09688331395007761
3724201 0.34488383647690857 0.08598750082982343
3724210 0.36436854952421416 0.08708464076632351
3724227 0.22799416390920935 0.07909086437461904
3724244 0.1890306322274726 0.07665430990281558
3724262 0.1111011709015416 0.07153191496729516
3724279 0.4033445525035845 0.08923982005448026
3724296 0.1987761466615301 0.0772724377185598
3724305 0.179294438253329 0.07603497817182221
3724322 0.16955407204972794 0.07540888939990611
3724339 0.2669722517115851 0.08145911728369447
3724357 0.257232368486854 0.08087508474896983
3724374 0.22800869698373188 0.07909590587834132
3724391 0.23775220597322644 0.07969413635572528
3724408 0.22801192668165124 0.07909702625614282
3724417 0.26698170583435976 0.0814620019448942
3724434 0.2280151564253187 0.07909814664981424
3724452 0.18904803718435453 0.07666136783275503
3724469 0.5397703242466522 0.0964046615351599
3724486 0.5105472048512263 0.09491707995306593
3724504 0.44235409151362 0.09135086855589687
3724521 0.5008119726574857 0.09441711667150007
3724529 0.24750989404975718 0.08029247579326054
3724547 0.34493757760466137 0.08600089973339178
3724564 0.21828540486312345 0.07850035701923287
3724581 0.607996193305645 0.0997959253864749
3724599 0.3254592885943425 0.0848918389061439
3724616 0.08188986698345076 0.06952437730296519
3724633 0.2085486418434418 0.07789563926426982
3724642 0.39366728001965584 0.08872099014261883
3724659 0.28649620449254287 0.08262761329508933
3724676 0.3547002759225125 0.08655588592140066
3724694 0.45213491101028613 0.09187671247466866
3724711 0.5885440585725 0.09884580034363065
3724728 0.46188467644043146 0.0923931923051766
3751624 0.4414483053818943 0.10530218163861223
3751642 0.43159130012172403 0.1048402793737735
3751659 0.40201378819225164 0.10344065722746687
3751668 0.40201663540491206 0.1034413898330578
3751685 0.26397484961378326 0.096639052983597
3751702 0.342859935635268 0.10058359177956225
3751720 0.35272280866375294 0.10106647023521152
3751737 0.41188857522646083 0.10391322269271958
3751754 0.4118914923760725 0.10391395864519666
3751763 0.34286964878988013 0.10058644129295491
3751780 0.25412530694755375 0.09613878589572722
3751797 0.32315284523693205 0.09961650268989021
3751815 0.2738506703221828 0.09714629104151554
3751832 0.10621628611137869 0.08822970211413313
3751849 0.1555221822825185 0.09094388592245865
3751866 0.027328982686488378 0.08370645356411806
3751875 0.08649620237918797 0.0871224757325978
3751892 0.07663556582502584 0.08656320962609021
3751910 0.10622004748284385 0.0882328265378544
3751927 0.07663665135259896 0.08656443577676654
3751944 0.12594445133784396 0.0893294382401445
3751961 0.0766377368955484 0.08656566194481108
3751979 0.12594623531598967 0.08933070357389992
3751987 0.21470206882926388 0.09410291629220786
3752005 0.16539493534936459 0.09148341705782323
3752022 0.35277027588243437 0.10108007112555993
3752039 0.5795957453199951 0.11159849802562168
3752056 0.29360365963574375 0.09815255028022647
3752074 0.2936057390471506 0.09815324543345759
3752091 0.3725044443515486 0.10204058373203591
3752100 0.16540196380817554 0.09148730464620264
3752117 0.23443866979475625 0.09513615830240199
3752134 0.24430260891091082 0.09564664992426862
3752152 0.46127622500269194 0.10624624963112746
3752169 0.6092158950070459 0.1129045550708377
3752186 0.49087024181654937 0.10761222986532194
3752195 0.22458439560828108 0.09462694973089932
3752212 0.24431126024768474 0.09565003699976274
3752229 0.33307736147153294 0.100122507649669
3752247 0.25417750663875893 0.0961585336925794
3752264 0.3725334657596635 0.1020485336007413
3752281 0.46130236110254896 0.10625226958715223
3752298 0.6289764040850613 0.11376923559531782
3752307 0.323226091352195 0.09963908185620628
3752324 0.5402171704487087 0.10985569898179914
3752342 0.46131542970780287 0.10625527969307333
3752359 0.6191309481183606 0.1133441168205898
3752376 0.5994086438361752 0.11248333509164901
3752393 0.6783201323636519 0.11589207183830316
3752411 0.40214762898800344 0.10347509529969984
3752419 0.5599671991400403 0.11074240221577884
3752437 0.7473798406473771 0.11879638408625687
3752454 0.4416109128887315 0.10534096970283632
3752471 0.43175027680014777 0.1048788972962737
3752488 0.4613448354232974 0.10626205274318878
3752532 0.39230637165594545 0.10300975545207489
3752549 0.1950270701775622 0.09308678190829774
3752566 0.3331269035390102 0.10013739991376061
3752584 0.23448682566839518 0.09515570015026231
3752601 0.28381004525829306 0.09767937025941957
3752618 0.32326958908805126 0.09965249065759793
3763401 0.13649630763957257 0.09032900771466686
3763418 0.13649727435769674 0.09032964745863067
3763427 0.07702789658503575 0.08700636430833059
3763444 0.13649920781448513 0.09033092696015108
3763461 0.06711712318935402 0.08644117564413603
3763513 0.05720647416481235 0.08587284275957165
3763530 0.0373825887591205 0.08472159255828161
3763539 0.1265928019553699 0.08978929808971327
3763556 0.09685684147729103 0.08813326405199004
3763574 0.09685752745382568 0.08813388824487244
3763591 0.09685821343521865 0.08813451244217559
3763608 0.15633386809797786 0.09141853115391459
3763625 0.03738417733246336 0.08472519280288668
3763643 0.16624872832892237 0.09195566791039583
3763651 0.07703553450362162 0.08701499167005929
3763669 0.06712330298477333 0.08644913469774114
3763686 0.17616509889119597 0.09249037269468365
3763703 0.13651467645475768 0.09034116362479554
3763720 0.08695071372830059 0.08758027795852284
3763738 0.08695132954591737 0.08758089823495
3763755 0.20590948314952748 0.09407318242032335
3779653 0.7664212074817387 0.12064992212062783
3779670 1.0259906878198657 0.13094998057938398
3779687 0.7963819994894139 0.12188443520672816
3779704 0.8962213929287859 0.12590752474826677
3779722 0.6067078129823422 0.11385307658170221
3779739 0.9561351588043241 0.12826213589504357
3779748 0.8862568404335841 0.12551376716038604
3779765 0.9062304481720771 0.12630627706393655
3779782 0.8762856579103663 0.12511785751883667
3779800 0.9661460528094697 0.12865373402172964
3779817 1.0759754757008169 0.13284755041313262
3779834 1.2057742776136153 0.13763920077999278
3779843 0.7764703660264329 0.12107253763180305
3779860 0.9861416029838074 0.1294298468767527
3779877 0.8763228956748738 0.1251231744029736
3779895 0.9661871091920199 0.12865920116296067
3779912 1.2657227880981021 0.1397998900617388
3779929 0.8463883974388966 0.12392501757892231
3779946 0.7964722487067314 0.12189824764207657
3779955 1.0161369778230918 0.13058553349333743
3779972 0.7265915108454513 0.11900320171564772
3779990 0.9562435118934027 0.12827667107713375
3780007 0.8663878223481642 0.12473126147599
3780024 0.6966525583672811 0.11774241472830016
3780041 0.8264606975177199 0.12312407968482375
3780059 0.9063459838872989 0.12632237990630632
3780067 0.8664123669449444 0.12473479508812055
3780085 0.6167917298566065 0.11430856680130952
3780102 0.9562909202309656 0.12828303073724986
3780119 0.9363272507214356 0.12750435833454438
3780136 1.056157311446481 0.13211381968119007
3780154 1.1060915312931727 0.13398822960056195
3780171 0.996259745041997 0.1298318314460136
3780180 1.056179751913856 0.13211662674016525
3780197 0.9163892587757222 0.12672446332448373
3780214 0.9363670399538048 0.1275097766330484
3780232 0.846502299069763 0.12394169462890327
3780249 0.9164087295525097 0.12672715587430933
3780266 1.0961605110979782 0.13362225911231623
3780275 0.7566470028297922 0.12026940395933536
3780292 0.826554355374304 0.12313803260167969
3780344 0.7666546497640407 0.1206866705729207
3780361 1.2759600219176237 0.1401837646965539
3780378 0.9663924172766202 0.128686540354206
3780387 0.9564128381776109 0.1282993855968078
3780404 0.8265953340239955 0.12314413750000716
3780422 0.8765339395658617 0.12515330768113977
3780439 0.8565668762336155 0.12435475635023284
3780456 0.8765463554950707 0.1251550804528926
3780473 1.0563144047312336 0.1321334703465502
3802186 0.8749342826574293 0.12596166978510023
3802203 0.9051903541527905 0.1271675479034687
3802212 0.8245299346937149 0.12392909954154255
3802229 0.6833677659232904 0.11804736525648474
3802246 0.8144581081266565 0.12351995587566256
3802264 0.7136281775471284 0.11933403467553391
3802281 1.0060588221314968 0.13110883990825634
3802376 0.774167946834931 0.12186941277475839
3802393 0.5019016758361365 0.11003062298091766
3802410 0.57249469682573 0.1132199137371616
3802419 0.5926672973885435 0.11411536532406659
3802436 0.5019123398802706 0.11003296083208663
3802454 0.8145330991907346 0.12353132895038987
3802471 0.5523419410209989 0.11232132802707098
3802488 0.5019230041509867 0.1100352987329286
3802505 0.3607415899015994 0.10336410989840114
3802523 0.5220995537839829 0.11095725880736401
3802531 0.5422727973392373 0.11187087593654328
3802549 0.44142808345385015 0.10722978794910512
3802566 0.6834694103335306 0.11806492367147038
3802618 0.8851867551672276 0.12638877438058357
3802635 0.7843408986399886 0.1222997645779047
3802644 0.8549434194587971 0.1251776118458242
3802661 0.7440106313434336 0.12062668821458965
3802678 0.8650409638197446 0.12558500833207134
3802696 0.9255600504940436 0.12799266201585371
3802713 0.8953099482992604 0.12679588947627635
3802730 0.8247168233921269 0.12395718942298184
3802739 0.9558368760518043 0.12918196939927876
3802756 0.9760152284604043 0.12996793107870347
3802773 0.9255928267780827 0.12799719454061312
3835432 0.8367425257580617 0.12576468530985768
3835450 0.806050093729982 0.12451043981220443
3835467 0.918617171169431 0.1290538421931961
3835476 0.6423347654641351 0.11759203269673225
3835493 1.0516590781694588 0.1342261070176518
3835510 0.826539080858376 0.12535214491505883
3835528 0.9800420108532961 0.13146915519361482
3835545 1.0516814230616236 0.134228958956982
3835562 1.0312222847268984 0.13344747996324377
3835571 0.8367958623929761 0.12577270195165488
3835588 0.9186692203946337 0.12906115443675786
3835605 0.9903102272716393 0.131871478652648
3835623 1.1335872567385477 0.1373189698420153
3835640 0.9493896318030532 0.13027536567201775
3835657 0.9289289743458227 0.12946989437742118
3835674 1.0210396847011478 0.13306113481301216
3835683 1.041514587395363 0.1338468543163236
3835700 0.8266093299177711 0.12536279882178553
3835718 1.1950394623729663 0.13959409212973595
3835735 0.9084936886647831 0.1286630016305043
3835752 0.8675634704982752 0.12702539242935604
3835769 1.1029568834887438 0.13617886605393686
3835787 1.0210903054828164 0.133067731675754
3835795 1.0006287761016779 0.13227919694460596
3835813 0.8471192173866717 0.12620173510649707
3835830 0.8164216404099097 0.12495145620532713
3835847 0.9187733276925979 0.129075780166849
3835864 0.9597184417138533 0.13068965364221702
3835882 1.0313683646270597 0.13346638373873285
3835899 0.94949722046183 0.13029012900141887
3835908 0.9290342443204478 0.12948456642756953
3835925 1.0928000410807055 0.13580337898313508
3835942 0.755051994175852 0.1224168279998846
3835960 1.0518750986823031 0.13425367830294468
3835977 1.0723529042815998 0.13503267776728228
3835994 0.8574203908218107 0.12662590582091277
3836003 0.8471912155892914 0.12621246122143895
3836020 1.1337879860670312 0.1373432855216779
3836037 0.9086159480354029 0.12868031628860008
3836055 0.9188579235592271 0.12908766479296402
3836072 0.7755659263558042 0.12327657592660153
3836089 0.9905206613521478 0.131899500430664
3836106 0.8267557013018229 0.12538499736916217
3836115 0.9291197849588811 0.129496488692596
3836132 0.9803058043901989 0.1315045421597429
3836150 0.8984250197849893 0.1282789608640547
3836167 0.8370151709471436 0.12580566462589646
3836184 1.1236321674361238 0.13697106135824214
3836201 0.8984441088706079 0.12828168644272078
3836219 0.8984504719892784 0.12828259498181188
3836227 0.9803474624914809 0.13151013044608353
